826.438 196.593
791.488 109.795
889.575 238.261
1023.86 299.075
991.431 214.594
1091    223.134
1397.2  76.2604
1528.74 80.1273
1346.53 1.34997
1486.6  0
1182.64 143.729
1309.65 139.485
1324.13 197.565
1455.63 201.312
1284.48 120.218
1413.52 121.261
1243.29 60.8113
1374.77 64.5102
1596.38 73.7222
1343.77 92.4813
1288.62 9.55894
1125.01 152.411
1468.75 155.186
1418.1  80.3047
1637.86 130.638
1587.07 55.6307
1695.25 165.812
1819    253.071
1959.07 251.421
1737.06 79.503
1864.05 75.0971
2504.04 265.592
2632.98 266.73
2413.58 97.3622
2553.56 95.8834
684.985 286.48
1088.43 288.813
858.2   169.434
353.46  259.322
570.216 513.623
278.275 444.179
227.423 441.398
1128.95 292.135
1245.04 214.756
1577.75 113.193
1365.18 257.823
1136.15 302.867
1543.96 352.491
539.411 248.953
741.968 198.462
1139.62 158.12
1684.19 222.686
934.54  206.093
1206.54 132.463
902.026 300.476
1135.41 166.317
1131.32 255.855
1131.79 244.982
884.661 171.542
1592.16 192.929
1353.55 114.38
1542.29 133.667
1295.12 60.0818
1904.06 112.518
1667.95 36.4304
1019.35 211.919
885.385 202.133
1355.86 90.9813
1324.31 40.6198
1050.34 108.816
1679.78 89.2495
1439.24 25.7853
1498.53 172.935
1251.01 98.6135
1650.28 156.54
1416.15 86.1763
1376.66 134.668
1131.7  63.2756
423.717 276.13
632.221 272.424
1055.94 274.88
2109.69 273.81
4219.1  273.674
727.485 341.357
340.025 260.715
961.182 205.165
716.236 134.052
203.044 328.033
983.029 268.08
738.342 197.05
856.506 193.776
737.179 154.487
809.494 210.604
690.202 171.294
904.712 207.8
776.486 173.025
241.114 421.22
352.561 490.836
535.721 599.576
118.313 343.443
17.7386 286.048
7.37834 285.705
133.498 370.501
287.652 423.305
168.488 380.589
197.157 343.989
40.4937 304.563
317.828 489.551
302.79  505.079
217.05  485.441
63.6031 394.439
95.1024 443.472
131.407 512.155
45.4322 359.958
8.53262 268.615
17.1008 263.536
29.8997 255.948
12.8345 266.065
102.005 370.867
141.892 404.409
199.498 459.905
71.0371 344.397
59.8762 238.231
85.5302 223.049
119.752 202.788
42.7548 248.354
89.1708 378.722
129.276 422.955
178.386 483.788
66.7711 347.05
158.163 301.441
174.712 316.434
49.5129 334.537
68.4058 400.049
86.6793 434.137
132.01  507.561
0       273.674
8.53262 268.615
8.53262 268.615
12.8345 266.065
4.26631 271.145
76.5184 396.557
90.1677 422.597
108.309 456.538
54.1262 365.109
0       273.674
0       273.674
0       273.674
198.053 380.952
240.568 404.696
315.064 451.888
243.391 466.599
299.5   515.903
383.095 580.456
243.391 466.599
295.044 507.86
383.095 580.333
238.879 458.198
294.99  507.339
387.106 566.834
246.061 396.078
305.953 420.423
389.018 462.775
139.702 303.197
174.625 315.852
231.585 327.289
185.078 389
229.1   419.016
295.16  447.813
185.041 388.721
229.1   419.016
295.16  447.813
184.823 378.031
228.857 408.045
290.646 439.112
191.977 315.794
231.267 326.172
305.584 338.194
311.074 513.077
382.65  557.917
474.719 616.964
259.578 435.728
320.967 466.099
392.596 493.874
319.032 486.242
399.144 525.929
491.2   584.781
267.558 408.922
328.944 439.325
409.039 461.615
351.405 520.982
427.781 574.141
535.536 639.381
289.717 429.368
351.079 460.089
431.33  482.992
104.953 386.093
146.444 426.918
210.069 488.618
100.495 377.872
141.932 418.516
196.946 484.728
100.431 377.653
141.932 418.516
201.026 471.738
100.249 366.942
141.677 407.547
200.78  460.807
103.443 318.931
148.861 345.29
211.443 361.996
267.041 483.728
318.587 524.673
448.498 610.202
228.914 426.901
272.937 456.462
379.815 508.152
275.29  467.688
331.032 505.753
464.972 578.098
237.163 410.738
280.965 429.783
396.229 475.863
357.516 636.955
443.965 714.88
535.553 812.973
360.086 639.835
444.381 715.802
538.44  815.982
412.944 709.826
491.113 793.294
595.875 894.56
135.59  441.753
162.386 471.299
212.836 532.893
139.687 428.365
166.462 457.626
221.19  516.56
131.154 434.666
159.352 475.863
208.557 536.364
417.965 680.785
520.074 779.642
655.322 895.509
429.699 701.993
544.815 804.188
669.012 923.426
502.582 669.155
626.253 766.016
771.36  861.253
528.61  776.06
655.325 897.232
507.111 789.74
725.344 1009.02
336.717 615.185
512.99  604.328
693.77  718.294
344.787 492.277
789.031 832.947
397.983 558.511